,text,label
499,لابارك الله بك وبامثالك ياهذا ,1
3335,ياجماعة جنبولاد دخلتو عتبة العار والعيب استحو عاحالكم بقا حاج مسترخصين الدم النقي الي نزل من الشهيد,0
313,هيدا حساب فخامة الرئيس ميشال عون أم حساب فخامة جبران باسيل  ,0
4207,وهاب ما بيهاب وئامنا بمنارتك نهتدي ونجتمع ويكفينا أننا نعلم أن العواصف تجعل جذور الأشجار تتمسك بال  ,0
3965,تضرب بالحزاء وتلعق حزاء الحريري فعلا خقير ,1
2472,جبران باسيل وزير خارجية لبنان ممنوع يحكي باسمو او باسم تيارو او عنصريتو بدو يحكي بإسم لبنان وبيانو الوزاري واسم عشرات ال…,0
2354,يلعن رب شحادة اللايكات باسم سوريا وبصور ولاد سوريا اخت تعاطفكم بالناقص منو,1
3685,يا عزيزتي مريوما الإمارات تبقى حليفة للملكة وثوابتها واضحة الدكتور علي,0
2331,بيقتل القتيل وبيمشي بجنازته الهيئة الحق على الشبح كاسبر,0
3001,وهاب ما نشر في جريدة الأخبار اليوم وفي دولة تحترم نفسها يستدعي توقيف فوري لعماد عثمان وزجه في السجن ,0
87,لعمى بقلبك شو بتنبح ,1
2667,شو هالعربدة بيفوت طيران حربي بيقصف وبيكزدر وبيضهر ساعة لي بدّو؟ شو الدني سايبة؟ ههه,0
4267,معاليك بس سؤال انت ليش بتغار من معلمك شيخ سعد يا عمي بحس عنجد أنو حارق قلبك وانك بتغار منو صدقني ,0
4086,مشيخة السرقة وباكاوية النهب والكذب والدجل والعمالة ,1
3055,نص اللبنانيي من رأيي انتِ يا رمز الغبا ههههههه,1
326,واضحه كتير متل عين الشمس انت متلك متل اي شخص بيسمع وبينفذ ,0
1364,سعد فرط ,0
1389,حبيب فياض يهاجم جبران باسيل بعنف لم يتجرأ اي مسؤول لبناني بالدفاع عن حق اسرائيل مثلما يفعل باسيل اليوم,0
3800,يا شو لابقين عبعض ,0
4024,عثمان أداة بيد المافيا السياسية لتنفيذ الاغتيالات السياسية ,0
1180,لهجة شاوية فصحى,1
4242,هل نسيت ان اب و ام هذا الامير كانوا اول من زار لبنان بعد حرب و زاوا الجنوب و مولوا,0
3542,ياليت تجارنا مثله ,0
3508,مين هني يلي تحت سن ؟ ,0
4293,لايام جاية راسكن بلارض راح يكون يا عملاء إيران ,1
1238,هذا ليس الكلاب من كلاب إيران وحزب الشيطان ,1
1516,ولك ليش حاطط بكعارو ههههه ,0
667,ليك سؤال كيف بيقدر جبران باسيل بموقعه كوزير خارجية ما بيمضي عهالمرسوم يوقف هالناجحين,0
2226,و اتضحت الصورة المواطنة والعروبة بحسب جبران باسيل و تميم,0
2631,اول شي منفتخر بي بشير الجميل بي جبران باسيل يا جاهل و ثانيا روح جاهد شو فهم بالسياسة,0
3479,حمير المصيبة بينسمع كلامهن,0
2401,منيح تعلمت شي منيح من الفرس الصبر ,0
3329,وانت بول شو بتشرب يا بعير,1
2778,قطر حضرت على الأقل نقطة لصالحها لماذا لم يحضر الآخرون؟ ,0
3481,الاخبار من سوريا غارات اسرئيلية وانفجارات في اللاذقية واشتباكات مسلحة بين جناحي النظام في حماة وانسحاب أمريكي بذات…,0
4134,ع فكرة مو بس المثقفين العرب حمير في مثقفين اجانب بيوزنوا الف مثقف عربي بالتياسة,1
2296,شفافا ولووو وئام ابو الصرامي ,1
954,ملعون هو وابوه وابو عيلتو وابو اسرائيل على ابو الي بدو يروح ع اسرائيل لعمى اوقح من السوريين المعارضين وانذل واخون انا ماشفت ولاعيني رأت,1
405,دولة رائعة بس نحنا عرصات,1
2849,أود أن أسأل سماحتكم، كيف تحدد نوعية العلاقة أو ما هو تشخيصكم للعلاقة القائمة بينكم وبين الحليف ووزير الخارجية ورئيس…,0
2159,أجل واحد بيرفض كذب الكفار والتاني بيرفض كذب الإمبريالية,0
1586,الله يطول عمرك حضرة الرئيس كل يوم احترامي الك بزيد لأنك الرجل الرجل بكل ما تعني كلمة رجل من معنى ,0
2983,لا والله الوطن بحاجه لا رحيل كل هالسياسيين والزعران والاقطاعيين ساعتها بيظبط ,0
4400,هههه ليك مين عم يحكي العاهرة عندما تحاضر بالعفة      ,1
1053,هيدا بتحطوا بتمك يا حيوان هيدا منطقكن,1
1474,يلعن قطر وحكام قطر لان من لعنهم لعن اسرائيل ,1
3469,اسمحولي بالمشاركة و انا بعرفه واول حرف من اسمه جبران باسيل وعمه كمان متله نسونجي     ,0
258,مش معقول شو بيشبهك هالبوست ,0
2358,مساؤكم ورد وفل ,0
635,انتي و وئام وهاب والصرامي سوى متعودين ع لغة الصرماية السورية يا لحيسة ,1
702,يوما ما وقريب جدا سنراك في السجن شبيح سوري لا قيمة لك ,1
1643,طالما أنها تعزز الثقة بالوضع الإقتصادي والمالي اللبناني فما المانع من التهليل,0
3084,وانت بدك طبيب بيطري  ,1
317,يا اسيد انت ,0
4492,كلام اكتر من رائع يقال بحق الوزير المقاوم جبران باسيلاتعجب لامر البعض الذين باتوا يحللون ,0
2054,اذا جبران باسيل بدو يكون كميل شمعون او بشير الجميل الثاني طيب ليه ما بكون متل الجنرال,0
4395,لم ترى عيني أعهر من مسيحي لبناني يقف جنباً الى جنب مع حسن نصر الشيطان وجماعته ,1
3525,كول خرا,1
3549,طائفة بأمها وأبيها مازالت محرومة,0
3798,بفهم إنك مستور   ,0
3907,قدي بيعطيك كرمال ترد عنو بحياة حسن تقول ,0
2557,على اساس ان الاجنبي بيترك الشقر وبيتزوجك يا ام ركبه سودا,1
1502,لانو في طرف سياسي بلبنان اول حرف من اسمو جبران باسيل كان مصّر يجيب حيوان سوريا بشار الاسد للقمة,1
1972,يلعن روحهم كلهم الأسبوع الجاي ان شاء الله,1
1027,التفاتة جميلة منك استاذة ديمة,0
3657,الاستاذ أبراهيم قال أنو كان في تجاهل تام من الوكالة الوطنية للأعلام وتلفزيون لبنان كتغطية وكحضور,0
2785,بينحب الوزير ملحم رياشي بس ليش الوزير جبران باسيل بدو يكون عطول الحاضر الغايب,0
1750,بايخ وسخيف,1
2856,ليه في شي وديعة بتجي غير لتتقسم عليهم ,0
368,اكيد اكبر بكتير قدام العاهرات ,1
365,نحن لكا بالمرصاد الجبل قمه من النضال وانتا غريب عنا انت مرتزقه لايران الدروز احرار ان جهلت التاريخ يا عبد علي المملوك ,1
688,يحرق عرضك روحي عالمطبخ فضحتي لدنيا وانت وهبلك,1
1625,الراية الاخبارية الجزيرة جبران باسيل نخص بالشكر أمير دولة قطر الذي كسر الحصار المفروض على بلاده,0
602,خلينا مهتمين بشؤونن,0
3073,طز بهيك عرب طز بهيك دولة تفو,1
4088,ما شاء الله مثل القمر كثير طالعه حلوه,0
2339,والتصدي للقوى الأمنية وشهر السلاح في وجهها وتحدي القضاء وأطلاق النار في الجاهلية بشكل عشوائي لترهيب,0
610,للخروف عون ,1
3757,أن ننسى لا ننسى شهداء الدامور ال الذين سقطوا…,0
2763,تحدث جبران باسيل عن عار تاريخي سيلحق بجامعة العهر العربي بسبب الإصرار على عدم حضور نظام حيوان الشام لِما يسمى قمة بيروت,1
4388,جبران باسيل خرّب علاقات اللبنانيين ببعضهم وخرّب علاقة لبنان بدول العالم حتى لم يبق له سوى الانطمة الإرهابية,0
1833,هذه لغة الممانعة والمماتعة التي دوختمونا به أصبحت مكشوفة ومعروفة ,0
3575,كول هوا العمى شو انك حمار,1
1987,معقول ولا مخامي كفوء ينجح بالامتحان ويطلعلنا كاتب عدل واحد وين العدل وييييين ,0
1874,بحب قول لكل واحد مش عاجبه كلام الوزير الملك جبران باسيل روح حفرلك شي جورة وشك راسك فيا,0
2048,جبران باسيل يطالب المجتمع الدولي بإعادة اللاجئين السوريين لديارهم,0
4012,متل ما انت بلبنان صوره طبق الأصل لا تتقن إلا طول اللسان ,1
662,نص البلد من رأيي يا سخيفة,1
2573,وهاب ل المشنوق الذي يستقوي على الصغار ويهاب الكبار يكون رعديداً … ,0
230,هلق جبران باسيل رجع ع سوريا بس خلصت القمة الاقتصادية العربية؟,0
160,كفو والله هكذا هم العرب هكذا هم الدروز هكذا هم الشرفاء قطر كل أبواب العرب مغلقه ,0
4538,ما حدا بالو بطرح اسمك نحن همنا نؤمن ع حقوق المسيحيين من خلال رئيس الحمهورية ت اذا في حال انت وصلت مع اني بشك للرئاسة,0
4435,قال لي شاعر لو أن السياسيين نساء لكن ,0
4458,ما تعتل هم ، وما بصير غير ع ذوقك ويلي بدك إياه شو بدك طلوب وتمنى و كل حدا ما بتحبو لا… ,0
2692,استاذ وئام يا ريت تعلق على جبران وحق العدو الاسرائيلي بلامن ,0
2412,اديشك فزيعه بهالطله رعبتينا ,0
2506,وهاب صاحب حق وصاحب الحق سلطان ,0
1662,مهمةهالفكرة    ,0
2027,انفصام ,0
992,معالي جبران باسيل فوت عمكتب عمك فتاح الجارور التاني عيمينك بتلاقي المراسيم العشرة للصبايا والشباب فيهون مسيحية ومسلمين  ,0
3790,كثروا المنافقين اصحاب المصالح   هاذا اكبر كلب لأيران في لبنان ، تابع هالفديوا وتعرف هالمرتزق … ,1
4090,لو من تلفزيون الجديد مين بيسمع فيك انت يلعن الساعة عا هيك إعلام مفتن ,0
517,طيب شو المشكلة انا بعشق شي اسمو الجنرال عون و ميتم بشي اسمو جبران باسيل,0
4175,هيدا حمار لا يقرأ سياسه هذا ينفذ انه بوق و صرماية بشار ,1
2658,راك شركسي يا كلب و فوقها قاعد تعطي في رايك يا تركي حقير,1
1739,"في تحل عن سما ربنا مازالك عايش بأميركا ومش عارف أخبار لبنان المظبوطة فرقنا بريحة طيبة أصلا"" شكلك مبين إنك عميل صهيوني",1
3398,لبنان حدا من الشباب معو مليار دولار لآخر الشهر,0
730,قصدك مليار تحية وبعملة الزلم مليون تريليون تحية ,0
3589,كل يوم بتعوي لتلفت النظر وما حدا شايفك خلص احترقت يا اهبل العقاب لوهاب وهاب قاتل ابو دياب ,1
1318,منتمنى عليك تسكر تمك لانو خلص طفح الكيل العقاب لوهاب وهاب قاتل ابو دياب ,0
664,خليك مع كلبك واترك البلد ما ناقصو فتن,1
1217,وشو خص سعد يا مثقفة انتي,0
1448,عندما سئل ابو الغيط عن امكانية عودة عصابة سفاح الشام الى الجامعة العبرية أجابهم اسألوا جبران باسيل كلبها في بيروت,1
3744,مقاوم للناس المريضة هيدا صوص سوري أخي رضا أو ايراني,1
1051,انت القائد ,0
645,انا الموقع ادناه ومن موقعي هذا اصرّح بأنني لست مسؤول عن عدم مشاركة الرؤساء الى القمه لا من قريب ولا من بعيد,0
2535,خليك عم تجرب تفتن، هيدة شغلتك ,1
4011,يقول هتلر أعطوني واحد مثل جبران باسيل وسأجعل اوروبا تزحف تحت اقدامي من الجوع,0
2217,حملة مسعورة يقودها قواتيون ضد التيار الوطني الحر بدعم من تيار المستقبل والاشتراكي  بسبب دعوة الوزير جبران باسيل لعودة,0
1213,الصحفيين القريبين من المقاومة وانت منهم بتشوفوا الوزير جبران باسيل من منظار واحد ووحيد مدافع,0
741,ما حدا مجنون ومجرم الاّ انت لا غيرك ,1
3059,يخدك وياخدو بشي صندوق على سوريا ,1
3482,بفرح بس شوف عدد من النوّاب و الصحافيين مقهورين من الوزير جبران باسيل بصيرو يصرحو و يحكو حكي فاضي مهم يجرب,0
2592,هي انت عم تشغل مرتك بدعاره وعم تحطها وديعه لقيس الغزعلي الصور رح نرفقها لقيس مع مرتك يا وئام وهاب الديوث ,1
4157,أيا تخبيص يا سحر؟,0
3386,كول هوا لو سمحت يعني مشان ما اجي واتبول عليك ظ,1
3039,يا رجل خليهن ورى أمريكا لو لحقوا الصين مشان المصاري وصاروا يمشوا على الستانداردز تبعها بحقوق الإنسان ما عاد تلاقي لا تويتر ولا حذيفة يغرد عليه,0
4430,شووو بتئول يامعرص هذا حساب حماراتي ريحت وزار وصخ يابو ريكي   ,1
3276,لما يناغشا قبل الزواج بيقللا مجنونة وبعد الزواج بيقللا مجنونة بس بغير طريقة,0
3901,هذا الوقع أما احلام خليا الكون ,0
4582,تركو تركو قاعد بقلب لخسة ,0
3422,لن ينسى أهل سوريا المجرم أبو صووايخ اللي بدو يحرر القدس بس يخلص أول على نساء وأطفال سوريا ,0
3618,حمار من حمير التيار الحر منتمنى انو وزير الاشغال مايكون متل اللي سبقو ووزير الاشغال بعدو هوذاتو,1
1832,ليش بعد في مؤسسات دولة معالي الوزير بدك شعب ليكون عنده دولة والردود عليك بهيدي الطريقة,0
3703,والله الحذاء خساره فيهم ,1
4431,سورية قلب الامة العربية ,0
727,إلى الذين ينتقضون جبران باسيل على محطة من دون مايفهموا مضمون الكلام الدبلوماسي لانه يخاطب روءساء دول وشعوبها,0
551,لك العما بعيون عيونك شو انك حيوان وبهيم وعديم الاحساس العما يا جحش لسه كل ما تنبح وتغرد بتاكل مية بهدلة والف مسبة روح انطم بقى وحط صرماية بحلقك وحاجتك اكل خر يلعنك ويلعن معلمك الحيوان بشار المماتع قال دكتور مناضل قال اتفووووووو ع شرفك وشرفه اذا في عندكم شرف,1
2739,كل العرب جرب ,1
2742,لك كراي عليهن العفو منك من هون لعندن,1
3043,فخامة الفراغ    ,0
2019,هاهاهاها هاهاهاها عنجد حبيبي شو عم تحكي والله يا بيبي انا ما بعرف شو يعني صهيوني بس شفتو… ,0
4414,خااههاهاه خراس ولاك,1
3599,هو المهم يحكي ويتفلسف ويرمي الفتن بين الناس انسان حقوووود ,0
4,هذا البطل الذي قاتل وجاذف بحياته لتحيا انت يا واطي يا عيب الشوم,1
710,لنك رخيص ,1
1507,مايقدر يرد ابن درزيه واطي,1
1002,جبران باسيل عام ما عنا مشكلة ايديلوجية مع اسرائيل من حقها تعيش بسلام,0
888,هذا كلب إيراني ,1
934,لا دولة دون محاسبة الفاسدين ,0
34,صدقت وضعت يدك على الجرح ,0
3240,سورية سنية وستبقى سنية وحسبي الله ونعم الوكيل بالعرب الخونة الذين باعوا الشعب السوري بالرخيص فليفرح ابن زايد وكل كلب عربي دعم بشار الجحش,1
2279,الحب الحقيقي هو لما تكتبلك تقول بقلبك تقبرني هالضحكة,0
4531,لعنة الله على الزمن الرديء اللي بيخللي الصرامي امتالك تعوي ,1
2634,كلام لابسك لبس ,0
759,وزيركم مخرف,1
1090,لا بس هي صدفة بحت انو سوريا كبلد يعتبر بلد سني الاكثرية وكمان بالصدفة تم ابادة هالأكثرية وتهجيرها,0
969,في الداخل وفي الخارج موقفنا واحد لا يتغير لبنان ولبنان وثم لبنان هذا هو جبران باسيل,0
2004,و انت يا ابو امارات بنفس الزورق معهم ,0
3278,انو عم تتعاطى خرا بكوكائين ولَك مين انتي ومين شايفك من ارضك قال وفد قال ودخلك الوفد بالستيانات باعتو ,1
795,جبران باسيل ساجعل المسيحيين في يوم ما ينسون زعامة كميل شمعون و تجربة بشير جميل  ,0
1192,لأسباب كتيرة ، جبران باسيل الأفضل بين المرشحين,0
1324,يلعن روحو,1
2341,جبران باسيل رجل شرّير,1
3359,هيدي مزرعه و مليانه بهايم و طول عمرها تابعه للاحزاب و بعمرها ما كانت بلد,1
3451,لو بتسد بوزك مش احسنلك وصوتك النشاز ما بدنا نسمعو يا مدعوس بل الصرماية  خليك متل الكلب عم تغني بل المطاعم يا عربيد اكتر من هيك ما بيطلعلك مستواك ابن ليل واخدت اذن لتحكي هيك يلا قحط,1
2272,ما خرج يرد هوه شريك وداعم وللاسف هذه المرة رهانك خاطئ ,0
2531,لا اكيد مش كل ما عووا كلب منقتلو في كتير احتمالات منكبلن عظمة منضربن بحجر ,1
3643,وضح مين هني الشركات ومين أصحابها ؟ ,0
578,بفتكر إنت بتتقن المكر والعهر    ,1
751,حتى فيصل الزفت القاسم,1
4348,الفجوة اللي بجيك منها ريح سدها واستريح وسد نيعك معها,1
2493,عم تحكي اصول يا رييس ,0
3437,الحق عالحجاب,0
4378,ونعم بالله ,0
1290,شارك معالي وزير الخارجية والمغتربين جبران باسيل بالاجتماع المغلق الخاص بسوريا والذي ضم عددا من وزراء الخارجية إضافة الى ,0
1806,وئام وهاب لامير قطر لا أهلا ولا سهلا بأمير دعم الارهاب وراعي الاخوان المنافقين في بيروت سد نيعك يا صرماية,1
1260,اباقاش تسكت وله ، اسكت يا قرد العقاب لوهاب وهاب قاتل ابو دياب ,1
2044,ابو البيش مو مضطر يوافق طالما ممكن يبقى رئيس بصلاحيات شبه كاملة؛ستين عمرا البلد تعمرت و لا ما تعمرت؛المهم سيادتو مبسوط و عم يضرب سمك,0
3969,طبعا جبران باسيل  فهو الاكثر ذكاءً نشاطاً وخبرةً وبالتالي سيكون الأفعل والأكفئ مع كامل إحترامي لشخص الو ,0
3956,دئما يلحق بك الدمااار ,1
3218,المضطرب نفسياً جبران باسيل,0
1377,نعم للتوحيد ,0
3772,انت قد صباطو للواء عثمان يا مجرم استحي على حالك روح احفر جورة وإنزال فيها وضلك بزق على حالك لتغرق وتموت يا بهيمه ,1
1831,اخخخخ يا استاذ نديم معظم الردود عم تحصر الموضوع بالبيان الذي صدر عن معين المرعبي بخصوص عدم وجود سياسة عامة للدو…,0
3249,لك كانت صفر صفر رحت طالعت الكلاب يشخوا كم دقيقة رجعت,0
1902,انت كول هوا وما خصك ب لبنان,1
330,يلعن عرضك شو منافق يا بيار صوهيوشيوعي,1
424,مش انت اللي قلت وسام الحسن له علاقة بإغتيال رفيق الحريري في مجال انت وعثمان تبتزوا بعض بعيد عن العالم وتخففو شحن,0
2659,احكي بحجمك ,0
2321,يا كلب الأن ركعت ياجزمه ,1
4424,النسوية هلأ صار بدها تمثيل حسب الكفاءات أما بغير مطارح بتطالب بـ وبحصص لما يكونوا النسوانات قليل التمثيل تبعهن مشان يدحشوهن بكل مطرح غصب 😂,1
2402,ايران هي المسؤله رقم واحد عن تعطيل العهد و مع هيك استاذ جبران باسيل مصر على مصلحه ايران مع الطبيع مع سوريا حتى تفتح…,0
2755,يسعد اوقاتك ابوهادي ,0
4332,وهاب نتمنّى على علاء الخواجا الإسراع في تشكيل الحكومة ,0
341,كيف تحول جبران باسيل لمرتزق لنظام قطر,0
3166,هذا المنطق الحاقد و الانتقاد النابع من حقد دفين ليس دفاعا عن الوزير باسيل و لكن هذا الاسلوب الدنيء,0
804,كسار راس المرتزقة و شذاذ الآفاق,1
2830,بس عميتنا بنورك وايمانك يا بيك,0
1617,سميلي سياسي لبناني ما بيشد لطايفتو  بعدين عم تحكي معلومة وانت مش متأكد اذا مضبوطة,0
501,كلكم في الهوى سوا هو كلب عند بشار وأنت كلب عند أردوغان هو باع سوريا وانت كذلك بعت سوريا لـ أردوغان الكلب,1
536,سعودي كلك اسيد مش فخر ,0
4497,وزارة المرأة بتلبقلو كتير,0
2395,استثمر العطل لتغير ديكور المكتب وتجدد إطلالته,0
21,مشكلتك يا بوق بانك سلبي بسليقتك وتحب ان تهاجم الآخرين لكي تظهر من جهة وتنفذ ما يطلبه منك مشغليكالمهم م… ,1
2823,تبا لك يا جبران باسيل على دفاعك عن معذب الشعب اللبناني و قاتل شعبه,1
713,عقبال تموت بالشؤسمو بطيزك متل ابوك,1
2326,لماذا لم تسلم ال الاصلي الى الجهزة الامنية وراوغت في الموضوع لتعود وتسلمهم من العام من يضل… ,0
395,مياومو الإعلام إذا ما ذكروا جبران باسيل بكل أخبارن وبرامجن ما حدا بيحضرن  ,0
1087,ليك أنت بعدك مصدّق الكذبة؟؟ لك أنت زلمي بيّاع وشرّى وفينا نقول خرّا كمان خلص سد نيعك وخراس ايري بموديلك… ,1
4273,اكيد قابظ شي مبلغ مرتب لسكت ,1
1876,لا أسوأ من بيروقراطية فاسدة الا بيروقراطية شريفة,0
2099,انت بشو بتحلم يا حمار تبقى الصبي عند طال منشارو,1
2235,كلمة تشبيح ماركة مسجلة لمؤيدي طرطور فارس بسوريا وطراطيره بمتصرفية لبنان بدولة فارس ,1
1277,نصرالله ما عزز الصداقة مع شخص العماد عون والوزير جبران باسيل هي حرب تموز ووثائق ويكيليكس,0
4150,نصر الله يكسر الصمت لما السكوت عن تصريحات جبران باسيل هل فقط لان حزب الله بحاجة الى…,0
506,كول هوا كول ضحكت علينا اليهود هههههههه ينعن عرضك شو ضحكت,1
3122,شو هالخره انت تضرب فيك وبي يلي بشد عا مشدك واحد محتال حقق ليره ,1
4163,العمى شو كنا بهايم هدنك الساعة,1
4314,خراس يا خنزير,1
2668,العاهرات اشرف من طبل الجاهلية ,1
3705,هيدا تدخل بالشؤون اللبنانية ما بيكفي عامل ميليشيا بأرضنا ومحتلنا ,0
4428,قطرلم تبن بيوت أهل الجنوب قطر ساهمت في إعادة بناء البيوت التي دمرت في بنت جبيل وعيناثا وعيث  ,0
333,انت تطلب من السوريين العودة الى لبنان هل تريد ان اقبل بهذا؟ انت تتكلم بالصراخ وانا اريد عقل وفكر اسمعه… ,0
2432,لا تجحش محسوبك اجحش خخخخخ,1
1233,ما نايكن الا جبران باسيل عن جديد منا وجر,1
642,نكتك سمجة متلك يا ريت شفنا منك شي يوم انو عملت شي انجاز للبنان كل اقوالك وافعالك متل بوالين الصابون ,0
3458,شو الفرق بين الصيف والشتي؟؟  ,0
1730,عزيزي نهاد قبل أن تقوم بكتابة معلقة المدح بعثمان عليك حثه للإجابة على فضائح جريدة الأخبار ومع الحكومة الجديدة يجب أ… ,0
2977,اختشي يالمسترجلة,1
1667,وزير الخارجية اللبناني جبران باسيل يبعتلو حمى يقول عمدة قرية شرق سلوى كسر الحصار على قريته بحضور القمة,1
2288,فشرتي بنص عينك جمايل الاسد عليكن انتوا الشبيحة الجوعانين يلي كرامة اصغر واحد من عنا بتسوا شرفكم ولك استحوا بقا لعن دين بلدكم,1
2600,شفيك يادكتور ولا غير متابع هذا ذنب ايران المجوسيه المعديه المتخلفه مالقيت تمدح ألا هذا الشخص للتذكير وئ… ,1
2577,هناك قضاة في لبنان لا يمكن شراؤهم ,0
1715,فعلا زمن الرويبضة ومناسب جدا ,0
747,لا تفرد ولا إلغاء نعم لتحرير الطائفة من براثم الاستبداد ,0
2514,والله مافي اهبل منك ,1
620,هذا هو وزير الخارجية جبران باسيل الذي يوظّف الدبلوماسية اللبنانية المقاومة، تطبيقا لشعار العهد لبنان القوي ، لتحصين لبنان…,0
1759,ويا بهيم ليه ما بتسد بوزك,1
2260,عهدالعلوج ، عهدفاشل استغفر الله من امثالكم ,1
4444,صعب تشرح لواحد ليش فعلياً لازم يهتم بباقي الناس ويكون عنده و وهو تيس,1
2591,الرئيس الفنزويلي آخذ دروس خصوصية عند الزعماء العرب,0
4046,مازال في لبنان الشقيق أصوات محترمة   ,0
1823,مصلحة لبنان فوق كل مصلحة ,0
1350,ديري بالك لا تتصاوبي,0
3879,يا باريس ، احفظي ما عليكي,0
473,واعلم ان العديد من اللبنانيين يعملون فيهافارجوك عادي من شئت اما لبنان الرسمي فلا يستطيع معاداة احد سوى الكيان الصهيوني ,0
2756,يا كلب سوري جربان بيت حريري اصحاب ايادي بيضاء على مدينه طرابلس مش ايدي ملطخه بالدماء والمجازر وتفجير المساجد يا كلب النظام سوري ,1
3718,هل جبران باسيل هو من يُدير حساب رئاسة الجمهورية؟ او ان شخصاً واحدا يدير حسابه وحساب فخامة الرئيس؟,0
4160,هيئتك يا ويئو اكل سمك ومتقل الليلة لهيك عم بتكوبس باللواء عثمان لهيك تغطا منيح بس تنام احسن ما تاخد برد ,0
90,لك يخربيتك ما ابيخك لتكون مفكر حالك بتفيد الطايفة لما بتقسموها اذا كنتوا انت والشحاد زلم بتدعوا لانتخا… ,1
622,توضيح سياسي معادلة السلام مقابل الامن التي يحاول جبران باسيل تسويقها بعبارة من حق اسرائيل بالامن شرط ان لا تعتدي,0
3334,زعران تيار المستهبل يطلقون النار احتفالا بخيبتهم وفسادهم,1
952,جبران باسيل قصف جبهتكم هههههههههه,0
1221,ولله لو عملتوها ع سكايب وبلا هالبلبوشة,0
2359,والجولان مين رح يعيدا للعرب,0
3876,مياومو الإعلام لما بتصير حرية الرأي و التعبير و مهنة الصحافة و الإعلام مرادف لحرية الشتيمة و تشويه الحقائف و الحمل,0
1677,كذبك يا أيوب بكفي كذب وافتراء بحق جبران باسيل,0
3726,لك يا حجي مين قلك بوتين الي انتصر ب سوريا؟ الكل انتصروا تقبشني؛باستثناء الشعب السوري,0
1032,صحيفة جبران باسيل يزور دمشق قريبًا,0
2840,عافية الشام هل أنت مجنون لقد قتل ذلك المجرم بشار ملايين السوريين لكن ضباع العالم و على رأسهم إسرائيل,0
3572,شكرا جبران باسيل,0
4173,للاسف يا عزيزي نزار زكا لايملك المال وإلا كان تحرك جبران باسيل كما فعل بخصوص كارلوس غصن,0
4391,شكرًا قطر وهيدي ألك يا معفن ,1
1132,كالأسد الرابض ,0
1548,كان هدفها الاسائة للسعودية فقط عبر تلفيق الاكاذيب كعادة هؤلاء الغجر معنا لكن تورطت مع حساب النرويج,1
2068,بدّك تنتقضو اشتغل قد ربعو جبران باسيل بالفعل مش بالحكي,0
4402,هاد تهليل لجبران باسيل قال شحدها من امير قطر عفوا طلبها طلب على اساس يعنل شي نجاح شخصي فاعطاه قرض ونبسطوا عليه لانو اجيت الرزقة ,0
3609,المجرم جبران باسيل وزير خارجية مايسمى بلبنان الذي اصبح مجوسي وليس عربي يطلب عودة المجرم بشار الاسد ونظامه الارهابي,1
1679,بدال ما تكلم عن تغريدة لئيم ما شفنا دولتكم دولة الحمارات تدعم لبنان وماشفنا حضوركم ,1
1,سورية بلد الحضارات تربطها بعلية او بحيوان,0
4125,كل ما اسمعلك شي ما فيي قول إلا سد بوزك,1
3057,و راح التقى برئيس الجمهورية يعني انت رأيك فيك تكتبو على التلج بس هونيك بينفع     ,0
4537,ليه يعني ليه الأفضل ليش كل شعب بشوف حالو الأفضل كلكن بشر بتاكلو وبتخرو من نفس المحل وكلكن أخرا من بعض,1
2964,مافيا فاسدة وشعب منافق مسّيح جوخ,1
2041,عشيرة عجول الها اول ما الها آخر,0
1805,قبل أن يصل جبران باسيل إلى الخارجية كنت أتمنى وصول وزير ديناميكي شجاع قادر على الدفاع عن الثوابت الكيانية,0
3615,مجرد ظهور جبران باسيل في اي مؤتمر صحفي او حديث للإعلام في شأن لبناني او غيره يعطي انطباع بأن هناك تعقيد…,0
3503,أهلا أهلا بأوطى جنس واطي شو كنت مختفي بمدرسة تدريب الكلاب عملت دورة تعواية يا عوووووو,1
4240,افهم ما قاله جبران باسيل وأتفهمه كما افهم موقف حدا جذري متل اسعد ابو خليل لكن لا افهم ولا اتفهم من يخون هذا او ذاك,0
409,فليعلم المظلل ان الحقيقة ستظهر والقاتل ومن خلفه الى غياهب السجون ,0
544,مؤتمر صحافي يجمع وزير الخارجية جبران باسيل والامين العام لجامعة الدول العربية أحمد ابو الغيط لعرض نتائج اجتماع اللجنة,0
1224,عماد عثمان منو قاريك خليك عم بتعوي من اليوم لبكرا ,1
164,لا يوجد مشكله مع دمشق لكن المشكله مع النظام الحاكم في دمشق لا يمكن اختصار سوريا بنظام او بشخص بشار الاسد ,0
173,إعلام القمة العربية التنموية يعلن أن اقتراحا لبنانيا مهما سيقر في شأن أزمة النازحين واللاجئين سيذيعه وزير الخارجية جبران باسيل,0
2627,اذا جرابيع الضاحيه هنن اشرف الناس طز بهيك ناس وطز بشرفهم,1
4363,حركة المياومين والبلطجية بكل فروعها مع الكتبة بيتهموا جبران باسيل انو إسرائيلي,0
2208,معك حق معاليك ما حدا بيعطي ببلاش كلو بدنا ندفع حقو ان كان من قطر او السعودية أو إيران,0
3902,مش عم نفهم عليك هالايام العقاب لوهاب وهاب قاتل ابو دياب ,0
2625,جوز كذابين منافقين…,1
985,مشكلتك حمار ورح تبقى طول عمرك حماااااار ,1
1301,يااااا الهي شو عاهر سياسة ,1
4172,أنا بعتز وبفتخر برئيس جمهوريتي فخامة الرئيس العماد ميشال عون وبرئيس تياري الوزير والنائب جبران باسيل وبعرف إنو هني…,0
3590,هو الحق على السد يلي عامله جبران باسيل غرد كمناصر,0
4080,ما فيك تعمل ماكياج للعَفَن معالي الوزير الماكياج ما بيلقط عالعفن,1
2787,جبران باسيل أدان الانتهاكات الإسرائيلية المستمرة يومياً وهذا واجبه، ليس منة ولا موقفاً مقاوماً ,0
1026,يسعد صباحك معالي الوزير ,0
2712,من عجائب آخر الزمان ,0
1546,بعد كلام سماحة السيد حسن نصر الله البارحة تبين ان كل حملات شيطنة الوزير جبران باسيل قد سقطت,0
2102,اخ يالله وهاب قبل عملية تجميل وقت كان خذمجي لا ابو عبدو على فكرة بس اللبنانية بيعرفو مين… ,0
1522,مش جايين نسجل نقاط على بعض,0
4007,المفروض بس وزير الداخلية الحيوان زيهوفر منه وعليه بيرحل السوريين الحجة يلي أخدوها لما صاروا يقولوا الناس لازم تروح عالسفارة كانت إنه الناس أصلاً كانت تروح بإرادتها على السفارة وحتى في تيوس نازلين سوريا بوثيقة السفر,1
2444,متى كان وهاب وطنى، فلا يزيد على انه احد أحذية نصر الشيطان في لبنان فلا تجعل منه وطنى لانه هاجم… ,1
2838,الله يبارك فيك,0
2271,فداك ومعك ليوم الدين ,0
2582,نحتاج لكل حرف من كلمة نحتاج من الغربة افريقيا أغلى سلام ,0
1506,كوووووووول خرااااااا ولاااااك ,1
2975,ترانا نحتاج إلى أعجوبة لكي تفهم أن وليد جنبلاط هو زعيمك وزعيم الجبل وكل لبنان ولكن المختارة الوطن لا تحتاج ضم… ,0
297,وعندك مذيعة الأخبار يللي اليوم معيّرة شفافا بالطرمبة ولازم مكسيموم,1
718,قبيحة منظر ومخبر,1
3103,هاذي الشئ الوحيد اللي صدق فيه وئام وهاب ,0
3576,شريفة انتبه لكلامك ,0
1058,موجة اعتراض واسعة على مواقع التواصل الاجتماعي بسبب نتائج مباراة كتاب العدل، حيث تم اعلان نجاح اشقاء وهم غرايس عصام,0
2691,اوقفت القوى الأمنية الناس على بعد حوالي كيلومترا من المطار بسبب مرور الوفود العربية الى القمة الفاشلة، تخيلوا عجوزا يهرو…,0
903,كان مجتمعنا ينقسم لاسياد و عبيد فجائت الحركة التصحيحية و حققت المساواة بين الجميع و جعلت الكل عبيد,0
1928,نعم انا شيعي جعفري اثنا عشري واتشرف بذلك واعشق طائفتي وطائفيتي واعشق كل ابناء طائفتي,0
2363,والله لو في دوله ما تركتك انت ورئيسك ,0
2601,جبران باسيل ما بعتقد حدا يسمح لنفسو يحكي معي هيك,0
603,العيش المشترك و صرماية وهاب سوى خلص قسموا و اعتقونا المصيبة فينا معشر الملاحدة و ال…,0
2880,نعم سوريا قلب العروبة النابض وقاهرة الارهاب الوهابي والاخونجي عملاء الناتوا واسرائيل لقد تكسرت على جدرا ,0
4356,مرحبا انا بكل فخر لبنانية وبحب لبنان ما عم افهم ليش كلكم ما عاجبكم معالي الوزير جبران باسيل ليش عم يحكي…,0
1899,خراس طعمرك   ,1
3267,كلام عيب عيب ومليون عيب البدو اللي تحكي عنهم اصبحوا أطباء ومهندسين واطلقوا أقمار الى الفضاء… ,0
1316,ما بيضحك للرغيف السخن، مثل البهورجي ومن الخلف الستار مجرد ذنب ومرتزق ,1
1123,لا تستسلم ابدا مهما واجهتك الصعاب ,0
4112,لله لا يحرمنى هل طلي الله يحميك ,0
2584,الحماقة هي تبرير أفعال باسيل وصرفها حماقة ليس أحمق بل ذكي  ,0
2264,الثانية معاليك ههههه ,0
719,عم تحكي عن حالك يا خرا,1
1748,انت حمار يا عبد الله ولا بتستحمر,1
2138,أعلنت جامعة اوكسفورد البريطانية عن منح الوزير جبران باسيل دكتوراه فخرية في العلوم الإقتصادية,0
873,عافية الشام عافية الأمة ,0
2532,لاتعرف اسئل حزب الله وخروفه باسيل ,1
4219,ولك خرااااس العمى بقلبك شو كتتتتير حكي ومبعبع عالفاضي كلك وطخنك معبى هوا العمى بقلبك ما أتقل دمك العقاب لوهاب ,1
1575,جبران باسيل وصولي مريض بجنون العظمة نستعد يعمل ايا شي ايا شي للوصول إلى الرئاسة ومن بعدها مستعد يعمل أيا شي ليكبر و…,1
3916,بتخريها يا واطي كم كلب سعودي اجى علبنان وما حكينا شي لانو منقول لبنان بلد العيش المشترك وحر كل واحد يستقبل مين ما بدو بلبنان الاسد بيجي علبنان وبيدعس عراسك وراس اللي بشد عمشدك,1
1231,وهيدا اللي بدنا اياه الاستثمار مش حسنة شكراً ميشال عون و جبران باسيل رديتوا لنا كرامتنا,0
3874,تسلملي انت والنموذجيه المشكله انه نحن الشيعه نبقى ندفع ثمن بقاء غيرنا نسيت انت وغيرك ابناء شهداء  ,0
3241,قل كلمتك واصمد وهاب ما بيهاب ,0
3149,يعني شايفين حالكم فيين؟ شي ويرقص و شي بغني و شي بينهبل و بلد رحيزبط على بديت مهضومين اشتغلو…,0
60,معالي وزير التخبيص الخارجي,0
4336,يا عزيزتي مريوما، الإمارات تبقى حليفة للملكة وثوابتها واضحة الدكتور علي رجل أكادي… ,0
2404,ضاربة الحمي بالنخاشيش    ,0
2530,انت عندك الصيغة الأولية شي,0
2392,رح إتركِك لأن تعبت من القلق انو شي يوم تتركيني,0
4302,واضح مين الحقد عامي قلبه والحقد الطائفي كمان نحنا مع الشخص صاحب الكفاءة وليس الإنتماء الطائفي أو السياسي ,0
2510,صديقي حضرتك غلطان طلال ارسلان ما شارك ولا وقع على قانون الإنتخابي المجلس المذهبي يلي نقر بمج… ,0
2924,الله يحميك وئام وهاب احلا عالم ,0
1795,والسعودية ؟؟؟؟؟بيرمو ورود في اليمن مثلا ,0
519,انت حمار ولا عم تستحمر,1
2277,التقى وزير الخارجية محمد علي الحكيم مع وزير الخارجية اللبناني جبران باسيل في العاصمة اللبنانية بيروت,0
1265,بلبنان منخبر ومنقول الحقائق كما هي لا أعتقد أن عمليات الإغتيال قامت بها الدولة أو ج…,0
336,استقبل رئيس الحكومة المكلف سعد الحريري في بيت الوسط وزير الخارجية والمغتربين جبران باسيل,0
3208,شو بدو بهالدين الأعوج,1
4107,لأن الكفن لا يحوي حقيبة ,0
2539,ايه وشو دخل هاد الكلا ببيت الاسد هاد الكلام كله قبل مايحتلوها اسيادك النصيرين ,1
1863,كيف هالحديث قلك في واحد عاهر القضاء ,1
1477,يا قرة العين،السادة الأفاضل شبيحة و حاضنة و أحذية النظام ما عم يشتكوا من السيد الرئيس،الجماعة عم يشتكوا للسيد الرئيس،بقى بلاها تحليلاتك المعمقة عن التململ ضمن البيئة الحاضنة للنظام من النظام و قوم اشربلك كاسة حليب و نام ريتو صحتين على قلبك إلهي منحبك القيادة الحكيمة,1
3317,اسرائيل عدو قبل موسى الصدر وقبل امل…,0
2898,هوا بوجهك يا هوا قليل ادب ع هيك الفاظ كول هوا ونقلع من هون بس فاضي الك ولاشكال ابعتلك ع الصراحة وعفكرة عرفتك وتفكرش…,1
4198,ظاهرة المذيع الطنبر بلا مؤاخزة,1
3695,يا حضرة وهاب لو نحن نهتم بس ب لبنان شفت حدا من الشعوب بدافع عن وطن غير وطنه قد ما بندافع عن سوريا ,0
1796,الله يطول لنا بعمرك يا تاج راسنا ,0
901,ولك دخيلو المعصّب ههههه,0
1378,كول نفسك هوا عالصبح,1
3109,هيدا اسمو تطبيل يا معالي الوزير ,0
3870,كول هوا بالعبري,1
1489,يا خي مارادونا مدمن مخدرات ويساري عفن والله بيستاهلوا خسروا معه,1
1709,كلام جبران باسيل كلام دبلوماسي وكلامه بحق اسرائيل بالأمن مشروط بأن تكف يدها عن لبنان وعدم الاعتداء عليه,0
335,قلتلي جريدة الاخبار ,0
3791,يا سيد وئام وهاب تكلم على حجمك وما تمثل كفى عبثا في الجبل وانت تعرف ان وليد جنبلاط حرص على بقائك كفى تزلف وصنع  ,0
1391,جبران باسيل الذي تم طرده من السعودية في قمة سابقة ، بعد المقاطعة لم يشاهد تميم وهو في اسطنبول يتجول ولم يشاهده في احضان اردوغا…,0
4292,الرئيس نبيه بري ومن يمثل,0
2797,خلينا شغلة شغلة دون خلط القضايا ببعضها,0
4484,من المهين في هذه المرحلة من يخرج ليحاضر علينا ان القصف هذا ليس لحريتكم ولا لسواد عيونكم بالله يا شيخ؟ مفكرنا ما منعرف؟,0
3143,انت مش مجرم يعني مش انت لي قتلتو للمعتر,0
4279,يخرب بيتك ماعرفتك   ,1
2950,بدها تقنعنا انه جبران باسيل ملاك    ,0
1388,جبران باسيل طوالة لسان على لاش,0
2154,ما في لزوم تكون مناصر للوزير بس كمواطن ما بتحب جبران باسيل  ,0
4087,لو بتراجع مقابلاتك تصريحاتك اقوالك كتاباتك ترى انك أكثر انسان تتهم الكل تهاجم الكل وتشتم الكل حسب الطق  ,0
2660,كلنا اللواء عثمان  اما المجرم مهما طال الزمن مكانه السجن والمحاسبه ,1
1517,باسيل جبران وزير خارجية لبنان,0
692,كول هوا خسرتو بأرضك وبين جمهورك بعد ما منعت القطريين من تشجيع جمهورهم انتو فاشلين في كل شئ وهم متفوقين عليكم في…,1
4529,كأنك بتشبه الشباب او انا غلطاني يا تومي ,0
3839,انت وامثالك العملاء ما خليته شي من الدولة ,1
2675,كان الزلمي معتذر رئيس جمهوريتك وصهرو قلقو ربو هني ويتصلو ,0
4520,معتقدين بيقدروا يصلخوا جلد الوزير جبران باسيل بس اذا حدا بدو صلخ جلدو هو الوزير صلوخ,0
2731,اسرائيل ستزول حتماً بس جبران باسيل شو إله حل,0
4275,هوي مختار مش قادر يعمل بضيعتو وااااك واااااااك وااااااااك ,0
2327,جبران باسيل لم يقدم هو يأخذ فقط بتحط نفسك بمواقف بايخة  ,0
3285,ولي انتي قوات انتي مش مع المناصفة ؟ لكن سكري هالدكانة بمعراب ونزلي التحقي بالحزب ال… ,0
770,اذا انت أهضم مني زحّط ههههه,0
736,جبران باسيل نكاية برئيس مجلس النواب الفنزويلي يؤيد مادورو  حتى لو انزعجت امريكا,0
1528,يعني انت سياسي عاهر ,1
1971,كول تين و هوا على الجوز,1
2697,عفواُ بس لو بتوضحي مين قصدك رئيسي؟ ,0
1256,لكل منا رأيه شكرا لكم ,0
1036,هات كلمة حب جبران باسيل وحبه لأمن الكيان الصهيوني,0
1323,من وين لوين شقفت لحام عملتو شيخ عقل يا ابو الصرامي وللا كل شي عندكن تزوير ونفاق ,1
2707,سبحان العاطي وقتها ما كان معو حق قشاط جبران باسيل,0
4450,يتم محاولة تسويق فكرة ان تعطيل الحكومة هو بأمر خارجي على هذا المنطق يعني ان جبران باسيل ينفذ اوامر الخارج  ,0
2574,فخر يلي يكسرلك راسك على اساس انتي من اصحاب القرار روحي انقبري عالمطبخ ولا نقبري قعدي قدام قناة بداية وتركي السياسة لأهلها,1
550,عندما يقال يا شحاذ يظهر لك باسيل جبران,1
4613,وشكراً يا جحاش عم تقوولي البوست هبل القوات لا مثيل له,1
810,كلامك انسان متل هيدا ما في محل الو غير الحبس هوي و امثالهسلطتو ولت ,0
631,وزير الخارجية اللبناني جبران باسيل سمو أمير قطر كسر الحصار المفروض على بلادنا  وحضر لبيروت في مبادرة لكسر الحصار,0
2475,المشكلة يا وئام بانك غير مدرك بانك صغير جدا ولا قيمة لك انت مجرد نكره ,1
3759,شكراً على المشاركة خرى على مفتي السعودية ليلحق حسّون ليلحق البوطي ليلحق العرعور,1
1371,لسانك حصانك وحسنا فعلت قطر لتلغي مركز الأبحاث لا مرحبا بكم انتم ولا تستاهلون اي عمل لكم ناكرين المعروف ,1
216,مينك انت شو تاريخك شو ماضيك شو أصلك شو فصلك اللي بيشغلوك بيستحوا فيك مين انت يا صغير يا بلا تهذيب يا ,0
2982,قديمة يالوطي ,1
4357,مش دفاعا عنه ولكن ليس بيده دماء أبرياء بينما اكثر زعماء لبنان مجرمين حرب سابقين و لص… ,0
1663,اهبل مين يا واطي يا ابن الهبلة انت اتعلم ثقافة الحوار الاول بدل ماجي اعلمها ليك و اربيك يا واطي يا طويل اللسان و فارغ المخ,1
2455,جبران باسيل لديك الف متابع مش لأنهم بيحبوك بس ليشوفوا الجحشنة تبعك بالتغريد,1
282,طيب بس عقدتك جبران باسيل مش هوي المسؤول عن تنظيم القمة في منظمين للقمة   ,0
1033,وانت العاهرة اللي بتحاضر بالعفة   ,1
4298,النصّ من دون تحريف,0
3251,مطموووووزيل انتي ليش مقهورة ؟؟؟؟؟ ,0
3120,يا أبن لحارم حارق قلبك من جوا وحياة الله انك واحد منحط لح تموت من حرقت قلبك العقاب لوهاب وهاب قاتل ابو دياب ,1
3125,مش ألك ولا ألي هودي ألن صفقة بيتقسموها حرام هالشعب شو موهوم ,0
1632,المهم إيمتى رح يستدعوا المجرور عالتحقيق,0
426,لأنكم يا استاذ حبيب انت ومن تمثل من فكر همجي ودموي لا تفهموا الا لغة الحروب والدماء والخراب انتم وثقافتك…,1
1361,عفواً بس شو هالتحليل الطيازي هاد من وين لوين الفلسطينية أشعلوا الثورة,1
281,قبل ما تحكي هالحكي شوفو الشعب اللبناني يلي عم بيموت قدام المستشفيات ويلي مش قادرين ندفع لنعيش ولا ناكل… ,0
1239,مش دفاعاً عن جبران باسيل بس كان لازم تحط المقطع عالقليلة بعد جملتين بعد هالكلمة لنفهم شو قال بدقة,0
4187,هدول صنف معين من البشر ما بيقدر ياخد موقف من جريمة الا اذا عرف مين عملها وحسب المجرم بكون الموقف,0
3384,معناها المسيحية ناجحين اكتر من الاسلام عالتعبير ,0
3940,خراس  ,1
1622,انظروا الى الخبر بشان صهر الرئيس   ,0
579,ذميم جاء مرغما بناء على طلب اسيادة في طهران والضاحية كلب مرسله كلب ومستقبله كلب ,1
1842,أقرت القمة العربية التنموية الاقتصادية والاجتماعية اقتراحا لبنانيا مهما في شأن أزمة النازحين واللاجئين,0
3009,فيق على حالك و إنتبه ما تقول شكراً قطر بعد عدة أشهرمن شهرين كنت عم بتسب إرسلان ,0
1398,شعب تافه وسخ بلا أخلاق وبلا شرف تفه يا عيب الشوم عليهم,1
1956,مع احترامنا لالك انو ليش نطرتو لصار خالص جميع المبنه والمسبح وطالع طوابق لهلق تذكرت تحكي ,0
1025,وانت شو تعتبر حالك وانت موالي لهذا الحرباء جن بلاط ههههه ,1
2751,هدفها إقصاء الرأي الآخر بالجبل ونتيجتها إستشهاد محمد أبو دياب مش عيب نقبل ناكل لحمنا بإيدنا ,0
2317,كول هوا واسكت لوما الطرد كان فشخناكم,1
2408,خراس ما الك علاقة,1
1870,يسعد صباحك جيمي بالعكس انا بحب أضحك وضحك الناس على شخص ما عندو لا شغلي ولا عملي الا يضحك العالم عليه ,0
3274,التاريخ يعيد نفسه ،هذا هو اديب الشيشكلي الذي قتل و ذبح و هجر و حارب الدروز في سوريا في صورة واحدة في لقاء حميم مع مجيد ارسل… ,0
2673,شعوب بتسوا صرامي,1
4482,كلمة جبران باسيل في القمة الاقتصادية تحتاج الى سدادات اذن,0
3829,لا شك انها لامستك بالشكل وبالمضمون يا من مارست العهر على ابناء جلدتك ستحي بقى ,1
2523,هذا يكره السعودية ودايم يسبها بس حاليا يحاول يتقرب منها فقط ,0
1117,يا محلى مين سرق العامود قدام مين سكّر المجرور,0
1485,حمار الشغل,1
789,ليك منقص حرف بكلمة ضابط سوي قصدك سوري ,0
3655,موضوع أوزيل هو حرفياً قصة يلي ماله قصة وهو حرفياً ما لازم ياخد دقيقتين من وقت الواحد,0
4038,يعني لازم كل الوقت الك كول هوا لعمى بعيونك شو بتحب تكول هوا,1
2385,الله يستر الشارع الفرنسي اليوم من خضة راشيل كرم عم تغطي التظاهرة,0
116,شوفتك مبسوط ب الكلام عن العماد عثمان والحريري وغيرن متل شي ولد صغير حاطت عينو ب صندوق الفرجه وما عم يت… ,0
1359,لا يجوز تجاوز الدستور وتطبيق قانون سكسونيا ,0
4489,يبدو أن اسمك لم يكن مدرج في قائمة أموال الشر حاول تكتشف من هو رمز الشر المقبل و سجل اسمك ضمن ,0
1603,لك النظام السوري انتصر وتاج راسك يا درزي يا خاين سد نيعك عمى اللي يعميك,1
2195,سيحاكم هو وليد جنبلاط قريبا على رءيس الجمهورية بلتحرك السريع لانه قاتل ابوا دياب بلتامر مع وليد جنبلاط هذا هو الملف ,0
1550,قد ما يحكوا ما راح يوصلوا لشي الله يحميه الاستاذ ويطويل عمره ,0
2338,ليك مين عم يحكي عن الفيميه وتسهيل المرور   وعلي الأمين وقع ع الدرج,0
3488,روح انقبر ضب حالك ,1
2148,تسلميلي يا قمر,0
2937,الفضل بكل اللي صار في هذه القمة يعود إلى رئيس الجمهورية الجنرال والقائد ميشال عون وإلى الوزير جبران باسيل,0
3236,معالي الوزير وئام وهاب لا يحق لك أن تشتم قطر و شعبها و أميرها فهذه الدولة العربية الشقيقة هي حرة في خياراتها السياس… ,0
3389,علاء الخواجة أصلاً مثلك بيقرا عبراني ما بيعرف يقرا عربي ,0
